------------- electron density (rho) -------------
percent,    cutoff (1/Ang^3),    cutoff  (1/bohr^3)
50.0         1.510                0.224
55.0         1.311                0.194
60.0         1.119                0.166
65.0         0.934                0.138
70.0         0.757                0.112
75.0         0.591                0.088
80.0         0.438                0.065
85.0         0.298                0.044
90.0         0.173                0.026
95.0         0.070                0.010
-------------
50.2         1.500                0.222
63.2         1.000                0.148
68.7         0.800                0.119
71.7         0.700                0.104
74.7         0.600                0.089
77.9         0.500                0.074
79.6         0.450                0.067
81.3         0.400                0.059
83.1         0.350                0.052
84.9         0.300                0.044
86.8         0.250                0.037
