------------- electron density (rho) -------------
percent,    cutoff (1/Ang^3),    cutoff  (1/bohr^3)
50.0         1.381                0.205
55.0         1.182                0.175
60.0         0.988                0.146
65.0         0.813                0.120
70.0         0.643                0.095
75.0         0.489                0.072
80.0         0.352                0.052
85.0         0.232                0.034
90.0         0.130                0.019
95.0         0.050                0.007
-------------
47.4         1.500                0.222
59.7         1.000                0.148
65.3         0.800                0.119
68.2         0.700                0.104
71.3         0.600                0.089
74.6         0.500                0.074
76.3         0.450                0.067
78.2         0.400                0.059
80.1         0.350                0.052
82.1         0.300                0.044
84.2         0.250                0.037
