------------- electron density (rho) -------------
percent,    cutoff (1/Ang^3),    cutoff  (1/bohr^3)
50.0         1.649                0.244
55.0         1.424                0.211
60.0         1.210                0.179
65.0         1.009                0.149
70.0         0.815                0.121
75.0         0.634                0.094
80.0         0.467                0.069
85.0         0.316                0.047
90.0         0.183                0.027
95.0         0.073                0.011
-------------
53.2         1.500                0.222
65.2         1.000                0.148
70.4         0.800                0.119
73.1         0.700                0.104
76.0         0.600                0.089
79.0         0.500                0.074
80.5         0.450                0.067
82.1         0.400                0.059
83.8         0.350                0.052
85.6         0.300                0.044
87.4         0.250                0.037
