------------- electron density (rho) -------------
percent,    cutoff (1/Ang^3),    cutoff  (1/bohr^3)
50.0         1.248                0.185
55.0         1.075                0.159
60.0         0.908                0.135
65.0         0.748                0.111
70.0         0.598                0.089
75.0         0.462                0.068
80.0         0.336                0.050
85.0         0.225                0.033
90.0         0.129                0.019
95.0         0.050                0.007
-------------
43.3         1.500                0.222
57.2         1.000                0.148
63.3         0.800                0.119
66.6         0.700                0.104
69.9         0.600                0.089
73.6         0.500                0.074
75.4         0.450                0.067
77.4         0.400                0.059
79.4         0.350                0.052
81.5         0.300                0.044
83.8         0.250                0.037
