------------- electron density (rho) -------------
percent,    cutoff (1/Ang^3),    cutoff  (1/bohr^3)
50.0         2.017                0.299
55.0         1.704                0.253
60.0         1.448                0.215
65.0         1.209                0.179
70.0         0.982                0.145
75.0         0.766                0.114
80.0         0.567                0.084
85.0         0.386                0.057
90.0         0.225                0.033
95.0         0.091                0.013
-------------
58.9         1.500                0.222
69.6         1.000                0.148
74.2         0.800                0.119
76.6         0.700                0.104
79.2         0.600                0.089
81.8         0.500                0.074
83.2         0.450                0.067
84.6         0.400                0.059
86.1         0.350                0.052
87.6         0.300                0.044
89.2         0.250                0.037
