------------- electron density (rho) -------------
percent,    cutoff (1/Ang^3),    cutoff  (1/bohr^3)
50.0         1.152                0.171
55.0         0.996                0.148
60.0         0.847                0.126
65.0         0.706                0.105
70.0         0.569                0.084
75.0         0.443                0.066
80.0         0.327                0.049
85.0         0.222                0.033
90.0         0.129                0.019
95.0         0.052                0.008
-------------
39.3         1.500                0.222
54.9         1.000                0.148
61.6         0.800                0.119
65.2         0.700                0.104
68.8         0.600                0.089
72.7         0.500                0.074
74.7         0.450                0.067
76.8         0.400                0.059
79.0         0.350                0.052
81.2         0.300                0.044
83.6         0.250                0.037
